Run on Darwin 25.6.0
CPU: Apple M3 Pro
Cores: 11
Memory: 36.00 GB

| name                                     | met (ms)             | iters | DataMovement (GB/s) | min (ms) | mean (ms)            | max (ms) | duration (ms) |
| ---------------------------------------- | -------------------- | ----- | ------------------- | -------- | -------------------- | -------- | ------------- |
| ParseTwitter                             | 1.0545               | 100   | 0.598886676149834   | 1.0545   | 1.0545               | 1.0545   | 105.45        |
| ParseTwitterNoStrictMode                 | 1.00695              | 100   | 0.6271671880431005  | 1.00695  | 1.00695              | 1.00695  | 100.695       |
| ParseCitmCatalog                         | 1.8968               | 100   | 0.91058835934205    | 1.8968   | 1.8968               | 1.8968   | 189.68        |
| ParseCitmCatalogWithReflection           | 0.54249              | 100   | 3.1838448634997887  | 0.54249  | 0.54249              | 0.54249  | 54.249        |
| ParseCitmCatalogWithReflectionLazy       | 0.31444              | 100   | 5.492952550566087   | 0.31444  | 0.31444              | 0.31444  | 31.444        |
| ParseCitmCatalogMinify                   | 1.70054              | 100   | 0.2942000776224023  | 1.70054  | 1.70054              | 1.70054  | 170.054       |
| ParseCitmCatalogWithReflectionLazyMinify | 0.19558              | 100   | 2.5580274056652015  | 0.19558  | 0.19558              | 0.19558  | 19.558        |
| ParseCanada                              | 6.532179999999999    | 100   | 0.34460945656733283 | 6.53218  | 6.532179999999999    | 6.53218  | 653.218       |
| ParseCanadaWithReflection                | 1.58275              | 100   | 1.422240404359501   | 1.58275  | 1.58275              | 1.58275  | 158.275       |
| ParseTwitterDoc                          | 0.4523               | 100   | 1.3962546982091535  | 0.4523   | 0.4523               | 0.4523   | 45.23         |
| ParseCitmCatalogDoc                      | 0.71205              | 100   | 2.4256779720525246  | 0.71205  | 0.71205              | 0.71205  | 71.205        |
| ParseCitmCatalogMinifyDoc                | 0.5779               | 100   | 0.8657189825229279  | 0.5779   | 0.5779               | 0.5779   | 57.79         |
| ParseCanadaDoc                           | 2.24578              | 100   | 1.002347068724452   | 2.24578  | 2.24578              | 2.24578  | 224.578       |
| Stage1Twitter                            | 0.08039999999999999  | 100   | 7.854800995024877   | 0.0804   | 0.08039999999999999  | 0.0804   | 8.04          |
| Stage1CitmCatalog                        | 0.20963              | 100   | 8.239297810427898   | 0.20963  | 0.20963              | 0.20963  | 20.963        |
| Stage1CitmCatalogMinify                  | 0.09405              | 100   | 5.319500265816056   | 0.09405  | 0.09405              | 0.09405  | 9.405         |
| Stage1Canada                             | 0.31129999999999997  | 100   | 7.231130742049469   | 0.3113   | 0.31129999999999997  | 0.3113   | 31.13         |
| ParsePointerTwitter                      | 0.15722              | 100   | 4.016829919857526   | 0.15722  | 0.15722              | 0.15722  | 15.722        |
| ParsePointerCitmCatalog                  | 0.35479999999999995  | 100   | 4.868105975197295   | 0.3548   | 0.35479999999999995  | 0.3548   | 35.48         |
| ParsePointerCanada                       | 0.32609              | 100   | 6.903158637186053   | 0.32609  | 0.32609              | 0.32609  | 32.609        |
| Utf8ValidateTwitter                      | 0.017159999999999998 | 100   | 36.80221445221446   | 0.01716  | 0.017159999999999998 | 0.01716  | 1.716         |
| Utf8ValidateCanada                       | 0.020950000000000003 | 100   | 107.44873508353221  | 0.02095  | 0.020950000000000003 | 0.02095  | 2.095         |
| ParseLargeJsonl                          | 27.27569             | 100   | 0.43187505064033216 | 27.27569 | 27.27569             | 27.27569 | 2727.569      |
| ParseExtraLarge                          | 1.20653              | 100   | 0.2577988114675972  | 1.20653  | 1.20653              | 1.20653  | 120.653       |
| ParseExtraLargeDoc                       | 0.41799              | 100   | 0.7441374195554918  | 0.41799  | 0.41799              | 0.41799  | 41.799        |
| ParseHeavyUnicode                        | 0.010700000000000001 | 100   | 0.4357009345794393  | 0.0107   | 0.010700000000000001 | 0.0107   | 1.07          |
| ParseHeavyIgnoreUnicode                  | 0.00821              | 100   | 0.5678440925700367  | 0.00821  | 0.00821              | 0.00821  | 0.821         |
| ParseStatusBatch                         | 0.91955              | 100   | 0.5072872600728617  | 0.91955  | 0.91955              | 0.91955  | 91.955        |
| ParseStatusBatchDoc                      | 0.53222              | 100   | 0.8764721355830296  | 0.53222  | 0.53222              | 0.53222  | 53.222        |
| ParseUserBatch                           | 1.25664              | 100   | 0.24672221161191749 | 1.25664  | 1.25664              | 1.25664  | 125.664       |
| ParseUserBatchDoc                        | 1.08362              | 100   | 0.28611598161717205 | 1.08362  | 1.08362              | 1.08362  | 108.362       |
| ParseUserBatchWithReflection             | 0.54796              | 100   | 0.5658095481422002  | 0.54796  | 0.54796              | 0.54796  | 54.796        |
| StringifyCanada                          | 2.42744              | 100   | 0.8610857528919357  | 2.42744  | 2.42744              | 2.42744  | 242.744       |
| StringifyCanadaWithReflection            | 2.06018              | 100   | 1.0146327019969128  | 2.06018  | 2.06018              | 2.06018  | 206.018       |
| StringifyTwitter                         | 0.24963999999999997  | 100   | 1.8703653260695405  | 0.24964  | 0.24963999999999997  | 0.24964  | 24.964        |
| StringifyCitmCatalogWithReflection       | 0.16229              | 100   | 3.0827469344999696  | 0.16229  | 0.16229              | 0.16229  | 16.229        |
| StringifyCitmCatalog                     | 0.41879              | 100   | 1.194629766708852   | 0.41879  | 0.41879              | 0.41879  | 41.879        |
| MinifyCitmCatalog                        | 1.3628399999999998   | 100   | 1.2673564028059054  | 1.36284  | 1.3628399999999998   | 1.36284  | 136.284       |
| WritePrettyCitmCatalog                   | 0.71553              | 100   | 0.699200592567747   | 0.71553  | 0.71553              | 0.71553  | 71.553        |
| WritePrettyTwitter                       | 0.31332              | 100   | 1.4902272437124986  | 0.31332  | 0.31332              | 0.31332  | 31.332        |
| WritePrettyCanada                        | 3.38354              | 100   | 0.6177654172848556  | 3.38354  | 3.38354              | 3.38354  | 338.354       |

